17525621
17855972
24137049
15022227
15081257
15759114
15889688
14807988
15430259
9659046
9660913
9663137
9665229
9671859
9672983
9690608
10259447
9737059
9673362
10032456
9311965
9664377
16827100
16127025
16477419
17298978
25023657
5379270
4594792
4794575
4825441
4733671
12666384
13521151
13706451
13733735
13393617
12999108
13761598
12823560
13364306
12690047
6276214
6421472
6027434
6866209
7035874
6364728
788
2045
11338
12084
25991
36129
44639
275743
774383
907316
581
1395758
284
864
3085
3174
27629
2898
6806
6845
29894
31719
897128
1350219
1528170
190
6413
12713
13773
15138
36727
43726
47945
53170
62238
115625
139558
163875
193522
204961
337902
525801
1377549
847
3479
4660
5931
32040
1381021
1397979
9422
772
1173
1486
5854
7608
18217
26624
199749
269388
375843
39068
1226
3526323
3635801
3040416
3143639
3487602
4243788
3644947
4387801
3368827
1598208
1816542
2916194
2285664
1912872
2944425
7308496
7353862
7477894
7928080
7859423
7471596
7586797
10748827
11355442
11814810
11228557
11469777
11619995
11646647
11803732
12211732
10744197
11115355
12224397
12319923
15201959
15146988
2213994
2312499
2951425
1978324
2435737
2254718
2526926
2765214
16730778
16544953
16514660
16508047
17072459
17075641
17366888
16586175
87421
531516
964512
886137
1040700
149679
420831
1065214
1193163
1296429
7016639
6848272
6199032
6500663
6986975
6201105
6678142
7159133
6464425
6949645
17484356
17489700
17547249
17732656
17624119
5813436
5708835
4508718
4611456
4944983
5734425
4551229
4731842
5622957
4620608
5384059
5853851
4024887
3058104
3693920
3971791
3248900
3471782
3646487
9996500
10138236
9126479
8954622
9435701
9447564
9489744
9560228
9711642
9895183
9601688
10163737
8867064
10199543
12400568
12296434
11376304
11694710
12283127
10620369
11481719
11583827
12176287
12391706
12506042
11900967
12473629
10526144
11203095
12354469
11374095
11570366
13047118
14282386
12660352
13467308
13011571
13974496
14221185
14343782
12659747
12911107
14072117
13037049
14259543
12705456
13390877
8460655
8257419
8528507
8661659
8465764
7740289
7742199
7839929
7704965
8032776